0.050000	5.451132	5.304765	7.472000	10.000000	
0.050000	4.166268	4.055216	16.029999	17.859999	
0.050000	3.324132	3.254392	23.118000	24.059999	
0.050000	2.770024	2.998432	28.667999	25.789999	
0.050000	2.377940	2.722299	33.225998	30.289999	
0.050000	2.132357	2.365939	36.605999	35.239998	
0.050000	1.916700	2.487048	39.570000	34.520000	
0.050000	1.774785	2.207450	41.015999	38.209999	
0.050000	1.669044	2.407423	43.371998	36.369999	
0.050000	1.592083	2.188694	44.369999	38.689999	
0.050000	1.499705	2.113730	45.695999	39.950001	
0.050000	1.434186	1.888350	47.053997	42.639999	
0.050000	1.388508	2.021516	47.681999	42.250000	
0.050000	1.336326	1.901626	48.247997	42.230000	
0.050000	1.291536	2.396889	48.809998	37.709999	
0.050000	1.241759	1.756539	49.947998	45.139999	
0.050000	1.234378	2.265359	49.952000	41.149998	
0.050000	1.210154	1.925132	50.695999	44.259998	
0.050000	1.154743	1.954292	51.385998	42.169998	
0.050000	1.136199	2.232544	51.848000	40.789997	
0.050000	1.139170	1.955840	51.439999	42.450001	
0.050000	1.090918	1.995869	52.573997	42.829998	
0.050000	1.067402	1.900915	53.034000	44.700001	
0.050000	1.068051	2.421250	53.107998	40.899998	
0.050000	1.049714	1.928404	53.411999	45.129997	
0.050000	1.042656	1.799649	53.389999	46.090000	
0.050000	1.025009	1.956424	53.455997	43.889999	
0.050000	1.015747	1.949507	53.723999	43.360001	
0.050000	0.998921	2.191018	54.199997	42.169998	
0.050000	0.982370	2.015432	54.619999	44.840000	
0.012500	0.498698	1.095370	65.279999	58.570000	
0.012500	0.338574	1.138114	69.437996	58.859997	
0.012500	0.270551	1.146232	71.407997	59.500000	
0.012500	0.228803	1.149627	72.353996	59.419998	
0.012500	0.206134	1.170245	72.958000	59.750000	
0.012500	0.183532	1.198836	73.755997	59.840000	
0.012500	0.165642	1.205832	74.243996	60.180000	
0.012500	0.160525	1.247060	74.409996	59.419998	
0.012500	0.159443	1.275098	74.903999	60.609997	
0.012500	0.149588	1.304606	74.779999	59.259998	
0.012500	0.157275	1.325577	74.566002	58.980000	
0.012500	0.150897	1.339846	74.650002	59.139999	
0.012500	0.155685	1.433756	74.855995	58.289997	
0.012500	0.166841	1.413299	74.257996	57.980000	
0.012500	0.165610	1.411523	74.685997	57.939999	
0.012500	0.180523	1.360151	73.818001	58.349998	
0.012500	0.195182	1.418493	73.173996	56.099998	
0.012500	0.191819	1.465339	73.473999	57.699997	
0.012500	0.187130	1.532341	73.403999	56.309998	
0.012500	0.193423	1.560512	73.251999	56.029999	
0.003125	0.082686	1.183367	78.762001	62.230000	
0.003125	0.047734	1.166763	81.348000	62.910000	
0.003125	0.037315	1.158508	82.215996	63.759998	
0.003125	0.034353	1.150877	83.131996	63.660000	
0.003125	0.027339	1.148116	83.678001	63.779999	
0.003125	0.024996	1.152039	84.065994	64.110001	
0.003125	0.022631	1.151709	84.220001	64.139999	
0.003125	0.020200	1.140613	84.741997	64.589996	
0.003125	0.019069	1.142942	84.930000	64.150002	
0.003125	0.017686	1.140167	85.139999	64.269997	
0.003125	0.017894	1.147265	85.180000	64.459999	
0.003125	0.016498	1.132330	85.367996	64.699997	
0.003125	0.014357	1.130376	86.037994	64.720001	
0.003125	0.015411	1.149081	86.033997	64.419998	
0.003125	0.014162	1.134991	86.145996	64.529999	
0.003125	0.013338	1.133144	86.281998	64.930000	
0.003125	0.013042	1.138161	86.477997	64.619995	
0.003125	0.011788	1.127032	86.465996	64.709999	
0.003125	0.012133	1.115827	86.723999	65.290001	
0.003125	0.011052	1.115425	86.874001	65.220001	
0.000781	0.009487	1.106641	86.981995	65.299995	
0.000781	0.010125	1.109377	87.419998	65.549995	
0.000781	0.009212	1.108421	87.287994	65.659996	
0.000781	0.009522	1.110599	87.449997	65.439995	
0.000781	0.008625	1.115187	87.287994	65.269997	
0.000781	0.009143	1.111281	87.568001	65.470001	
0.000781	0.007906	1.111340	87.521996	65.540001	
0.000781	0.008340	1.110292	87.470001	65.519997	
0.000781	0.008457	1.109897	87.711998	65.610001	
0.000781	0.008716	1.110281	87.547997	65.709999	
0.000781	0.007961	1.108255	87.750000	65.709999	
0.000781	0.007904	1.104599	87.942001	65.779999	
0.000781	0.008208	1.099931	87.610001	65.680000	
0.000781	0.007730	1.102546	87.893997	65.680000	
0.000781	0.007811	1.098199	87.757996	65.779999	
0.000781	0.007380	1.100630	87.837997	65.820000	
0.000781	0.007282	1.105129	87.930000	65.650002	
0.000781	0.007703	1.098842	87.935997	65.909996	
0.000781	0.007139	1.099018	87.984001	65.909996	
0.000781	0.006859	1.097960	88.077995	66.089996	
0.000195	0.006948	1.096178	88.009995	65.900002	
0.000195	0.006935	1.097800	88.103996	66.139999	
0.000195	0.006485	1.094102	88.363998	66.070000	
0.000195	0.006694	1.098484	88.360001	66.010002	
0.000195	0.007123	1.096938	88.175995	65.900002	
0.000195	0.006922	1.095270	88.045998	66.220001	
0.000195	0.007476	1.099309	88.113998	66.169998	
0.000195	0.006672	1.101264	88.112000	66.220001	
0.000195	0.006426	1.098397	88.019997	66.080002	
0.000195	0.007117	1.093728	88.070000	66.199997	
0.000195	0.006758	1.093634	88.117996	66.229996	
0.000195	0.006883	1.101237	88.145996	65.989998	
0.000195	0.006690	1.097398	88.269997	65.729996	
0.000195	0.006671	1.096115	88.147995	66.099998	
0.000195	0.007010	1.097599	87.972000	66.199997	
0.000195	0.007218	1.097373	88.208000	66.000000	
0.000195	0.006688	1.094723	88.175995	66.129997	
0.000195	0.006542	1.093967	88.265999	66.169998	
0.000195	0.006766	1.094363	88.178001	66.029999	
0.000195	0.006251	1.093180	88.306000	66.040001	
0.000049	0.007016	1.094310	88.042000	66.189995	
0.000049	0.006782	1.098471	88.107994	66.110001	
0.000049	0.006257	1.096705	88.194000	65.939995	
0.000049	0.007100	1.097295	88.225998	66.010002	
0.000049	0.006845	1.095816	88.206001	66.029999	
0.000049	0.006802	1.091371	88.189995	66.260002	
0.000049	0.006662	1.096883	88.199997	65.919998	
0.000049	0.007208	1.093937	88.311996	66.299995	
0.000049	0.006080	1.095893	88.279999	66.000000	
0.000049	0.006750	1.095239	88.287994	66.019997	
0.000049	0.006383	1.096092	88.225998	66.139999	
0.000049	0.006948	1.092320	88.248001	66.059998	
0.000049	0.006686	1.094310	88.178001	66.239998	
0.000049	0.006766	1.092781	88.131996	65.939995	
0.000049	0.007047	1.096855	88.037994	66.139999	
0.000049	0.006449	1.093968	88.237999	66.129997	
0.000049	0.006648	1.096637	88.087997	65.930000	
0.000049	0.006697	1.095321	88.119995	66.049995	
0.000049	0.006316	1.096178	88.307999	66.099998	
0.000049	0.006711	1.095413	88.169998	66.159996	
0.000012	0.006755	1.093594	88.239998	66.040001	
0.000012	0.005846	1.093995	88.283997	66.290001	
0.000012	0.006601	1.092870	88.301994	66.189995	
0.000012	0.006140	1.093481	88.493996	66.000000	
0.000012	0.006115	1.096618	88.332001	66.309998	
0.000012	0.006207	1.094942	88.329994	66.089996	
0.000012	0.007090	1.099125	88.295998	65.919998	
0.000012	0.006593	1.091372	88.362000	66.059998	
0.000012	0.006714	1.097870	88.290001	66.129997	
0.000012	0.006692	1.094896	88.417999	66.010002	
0.000012	0.006548	1.093099	88.417999	66.110001	
0.000012	0.006597	1.093676	88.115997	66.019997	
0.000012	0.006332	1.094795	88.329994	66.110001	
0.000012	0.006373	1.095668	88.402000	66.000000	
0.000012	0.006537	1.095873	88.209999	66.129997	
0.000012	0.006904	1.092815	88.155998	66.089996	
0.000012	0.006443	1.089843	88.183998	66.150002	
0.000012	0.006177	1.095002	88.139999	66.029999	
0.000012	0.006585	1.095736	88.248001	66.099998	
0.000012	0.006693	1.092493	88.349998	66.040001	
0.000003	0.006513	1.096174	88.222000	66.080002	
0.000003	0.006610	1.091997	88.231995	66.220001	
0.000003	0.005817	1.089771	88.414001	66.250000	
0.000003	0.007009	1.093878	88.169998	66.049995	
0.000003	0.006241	1.089424	88.229996	66.360001	
0.000003	0.006524	1.097738	88.461998	65.860001	
0.000003	0.006492	1.091720	87.832001	66.099998	
0.000003	0.006411	1.093311	88.371994	66.229996	
0.000003	0.006315	1.096280	88.107994	66.070000	
0.000003	0.005986	1.094068	88.166000	66.239998	
0.000003	0.006146	1.095161	88.419998	65.949997	
0.000003	0.006890	1.093764	88.139999	66.089996	
0.000003	0.006095	1.095851	88.225998	66.119995	
0.000003	0.006131	1.093271	88.290001	65.949997	
0.000003	0.006492	1.093967	88.307999	66.110001	
0.000003	0.007246	1.092213	88.217995	65.959999	
0.000003	0.006703	1.094630	88.313995	65.949997	
0.000003	0.006524	1.099666	88.239998	66.019997	
0.000003	0.006878	1.091884	88.070000	66.239998	
0.000003	0.006421	1.094812	88.231995	66.269997	
0.000001	0.006419	1.095851	88.407997	65.979996	
0.000001	0.006777	1.095463	88.343994	66.080002	
0.000001	0.006794	1.094232	88.241997	66.110001	
0.000001	0.006558	1.094128	88.278000	66.110001	
0.000001	0.006307	1.092878	88.374001	65.989998	
0.000001	0.006480	1.095189	88.192001	66.049995	
0.000001	0.006749	1.091941	88.301994	66.309998	
0.000001	0.006455	1.094949	88.459999	65.889999	
0.000001	0.006372	1.095039	88.049995	65.769997	
0.000001	0.006368	1.091065	88.341995	66.119995	
0.000001	0.006765	1.093042	88.379997	66.239998	
0.000001	0.006729	1.094572	88.222000	66.299995	
0.000001	0.006183	1.094837	88.248001	66.139999	
0.000001	0.006531	1.095093	88.348000	65.900002	
0.000001	0.006092	1.093450	88.259995	66.029999	
0.000001	0.006741	1.095140	88.365997	66.269997	
0.000001	0.006329	1.094196	88.301994	66.119995	
0.000001	0.006460	1.096890	88.481995	66.019997	
0.000001	0.006165	1.093457	88.307999	66.209999	
0.000001	0.006175	1.094114	88.297997	66.159996	
0.000000	0.006272	1.096703	88.112000	65.830002	
0.000000	0.006047	1.094972	88.110001	66.199997	
0.000000	0.006389	1.095652	88.349998	66.129997	
0.000000	0.005803	1.093791	88.385994	66.129997	
0.000000	0.006527	1.095932	88.271996	66.209999	
0.000000	0.006729	1.094045	88.222000	66.089996	
0.000000	0.005792	1.095394	88.304001	66.169998	
0.000000	0.006672	1.094074	88.127998	66.110001	
0.000000	0.006425	1.092520	88.290001	66.129997	
0.000000	0.006428	1.094493	88.301994	66.139999	
