0.100000	3.912430	3.590569	10.622000	15.820000	
0.100000	2.975290	2.954138	24.516001	26.120001	
0.100000	2.426488	2.386428	35.743999	36.439999	
0.100000	2.075338	2.201900	43.444000	41.799999	
0.100000	1.847507	2.023848	48.602001	46.480000	
0.100000	1.656946	1.824517	53.526001	50.500000	
0.100000	1.538446	1.785480	56.125999	51.380001	
0.100000	1.419746	1.835581	59.279999	51.349998	
0.100000	1.334210	1.643011	61.402000	54.910000	
0.100000	1.250632	1.648714	63.562000	55.980000	
0.100000	1.191809	1.629440	64.905998	56.200001	
0.100000	1.131398	1.691839	66.748001	55.130001	
0.100000	1.071061	1.476616	68.346001	59.439999	
0.100000	1.021506	1.587503	69.998001	57.889999	
0.100000	0.977800	1.627036	70.765999	57.139999	
0.100000	0.945572	1.474225	71.629997	60.160000	
0.100000	0.901101	1.591796	72.816002	58.470001	
0.100000	0.863054	1.554527	74.356003	59.279999	
0.100000	0.841769	1.547443	74.391998	59.549999	
0.100000	0.803437	1.398151	75.680000	62.520000	
0.100000	0.779471	1.493300	76.134003	61.389999	
0.100000	0.761772	1.397947	76.786003	63.150002	
0.100000	0.733029	1.462730	77.585999	61.910000	
0.100000	0.714314	1.454834	78.026001	62.040001	
0.100000	0.695581	1.494776	78.671997	60.680000	
0.100000	0.691988	1.503664	78.755997	61.400002	
0.100000	0.659663	1.604062	79.570000	59.250000	
0.100000	0.645856	1.491186	80.132004	62.369999	
0.100000	0.634675	1.433840	80.351997	62.580002	
0.100000	0.617974	1.519678	80.884003	62.000000	
0.025000	0.363612	1.157931	89.188004	69.699997	
0.025000	0.283880	1.156715	91.774002	70.120003	
0.025000	0.246227	1.182065	92.896004	70.209999	
0.025000	0.226747	1.201042	93.494003	70.120003	
0.025000	0.209643	1.212452	94.085999	70.050003	
0.025000	0.193159	1.214577	94.608002	70.019997	
0.025000	0.183044	1.223944	94.774002	70.080002	
0.025000	0.170924	1.239492	95.274002	69.919998	
0.025000	0.166543	1.242366	95.281998	70.050003	
0.025000	0.154923	1.252917	95.598000	70.120003	
0.025000	0.144681	1.274491	95.986000	69.260002	
0.025000	0.138875	1.290919	96.094002	69.400002	
0.025000	0.138706	1.300277	96.153999	69.099998	
0.025000	0.134494	1.299896	96.255997	69.430000	
0.025000	0.128342	1.291693	96.500000	69.870003	
0.025000	0.124617	1.298594	96.634003	69.620003	
0.025000	0.118288	1.305413	96.825996	69.480003	
0.025000	0.119137	1.323158	96.821999	69.459999	
0.025000	0.112712	1.324881	96.987999	69.550003	
0.025000	0.109750	1.331436	97.075996	69.309998	
0.006250	0.082171	1.286401	98.026001	70.519997	
0.006250	0.071698	1.272487	98.379997	70.860001	
0.006250	0.067532	1.265916	98.585999	71.129997	
0.006250	0.064999	1.271808	98.557999	70.830002	
0.006250	0.061610	1.269018	98.746002	70.980003	
0.006250	0.060349	1.274991	98.776001	71.059998	
0.006250	0.057413	1.265911	98.846001	71.010002	
0.006250	0.055510	1.265370	98.867996	70.900002	
0.006250	0.056107	1.272945	98.863998	71.110001	
0.006250	0.054195	1.273419	98.886002	70.980003	
0.006250	0.052680	1.273283	98.970001	70.809998	
0.006250	0.052072	1.274494	98.987999	70.830002	
0.006250	0.051308	1.270581	99.040001	71.230003	
0.006250	0.050733	1.269161	99.071999	71.150002	
0.006250	0.048173	1.272218	99.124001	71.230003	
0.006250	0.048397	1.275823	99.106003	71.010002	
0.006250	0.046669	1.273139	99.157997	71.260002	
0.006250	0.046166	1.275518	99.181999	71.279999	
0.006250	0.044949	1.277355	99.211998	71.290001	
0.006250	0.044846	1.273047	99.230003	70.959999	
0.001563	0.042100	1.274630	99.269997	71.180000	
0.001563	0.040658	1.273280	99.360001	71.160004	
0.001563	0.040662	1.269964	99.318001	71.169998	
0.001563	0.040492	1.271999	99.346001	71.190002	
0.001563	0.039871	1.274329	99.365997	71.199997	
0.001563	0.039657	1.273509	99.388000	71.139999	
0.001563	0.039462	1.271287	99.372002	71.220001	
0.001563	0.038857	1.275043	99.398003	71.099998	
0.001563	0.038951	1.275920	99.412003	71.250000	
0.001563	0.038860	1.279611	99.419998	71.220001	
0.001563	0.037538	1.273678	99.417999	71.290001	
0.001563	0.038153	1.277619	99.393997	71.309998	
0.001563	0.037753	1.273934	99.430000	71.160004	
0.001563	0.037966	1.276271	99.430000	71.080002	
0.001563	0.037340	1.274178	99.442001	71.169998	
0.001563	0.036984	1.270746	99.438004	71.230003	
0.001563	0.037409	1.275989	99.419998	71.139999	
0.001563	0.036152	1.270464	99.458000	71.169998	
0.001563	0.035969	1.274436	99.510002	71.070000	
0.001563	0.035405	1.272861	99.515999	71.459999	
0.000391	0.036685	1.275214	99.445999	71.370003	
0.000391	0.036097	1.276418	99.459999	71.449997	
0.000391	0.036662	1.275288	99.473999	71.410004	
0.000391	0.035325	1.274339	99.503998	71.400002	
0.000391	0.036111	1.272628	99.498001	71.269997	
0.000391	0.036161	1.275626	99.463997	71.330002	
0.000391	0.035599	1.272384	99.472000	71.199997	
0.000391	0.036225	1.276551	99.470001	71.230003	
0.000391	0.036543	1.274610	99.438004	71.220001	
0.000391	0.036134	1.273981	99.458000	71.239998	
0.000391	0.035443	1.273519	99.533997	71.150002	
0.000391	0.035427	1.275351	99.498001	71.330002	
0.000391	0.035097	1.276139	99.491997	71.160004	
0.000391	0.035900	1.273859	99.494003	71.050003	
0.000391	0.036742	1.271793	99.494003	71.230003	
0.000391	0.035496	1.280711	99.470001	71.199997	
0.000391	0.035615	1.275651	99.491997	71.290001	
0.000391	0.035118	1.275890	99.545998	71.220001	
0.000391	0.034351	1.273352	99.519997	71.150002	
0.000391	0.035259	1.273897	99.547997	71.400002	
0.000098	0.035566	1.274237	99.512001	71.339996	
0.000098	0.035399	1.271553	99.482002	71.379997	
0.000098	0.035410	1.274471	99.500000	71.309998	
0.000098	0.035694	1.276607	99.494003	71.180000	
0.000098	0.035692	1.273322	99.477997	71.209999	
0.000098	0.035148	1.275585	99.496002	71.099998	
0.000098	0.034558	1.276602	99.482002	71.110001	
0.000098	0.034658	1.276246	99.500000	71.239998	
0.000098	0.034579	1.276202	99.533997	71.220001	
0.000098	0.035366	1.274115	99.512001	71.239998	
0.000098	0.035279	1.274339	99.514000	71.209999	
0.000098	0.035112	1.274037	99.508003	71.070000	
0.000098	0.034950	1.282448	99.526001	71.019997	
0.000098	0.034644	1.277633	99.508003	71.150002	
0.000098	0.035450	1.277274	99.489998	71.089996	
0.000098	0.034492	1.276939	99.547997	71.269997	
0.000098	0.034476	1.275642	99.552002	71.260002	
0.000098	0.036042	1.273372	99.463997	71.120003	
0.000098	0.034948	1.275254	99.498001	71.199997	
0.000098	0.034919	1.273946	99.508003	71.290001	
0.000024	0.035474	1.276577	99.489998	71.180000	
0.000024	0.035661	1.271185	99.444000	71.269997	
0.000024	0.035317	1.276556	99.500000	71.190002	
0.000024	0.034507	1.273445	99.508003	71.269997	
0.000024	0.034871	1.274059	99.480003	71.290001	
0.000024	0.034823	1.272978	99.517998	71.250000	
0.000024	0.034859	1.277066	99.491997	71.279999	
0.000024	0.034170	1.272804	99.491997	71.370003	
0.000024	0.035417	1.275344	99.482002	71.239998	
0.000024	0.035271	1.269895	99.473999	71.150002	
0.000024	0.034866	1.274841	99.510002	71.190002	
0.000024	0.034176	1.274150	99.557999	71.300003	
0.000024	0.034939	1.276255	99.496002	71.320000	
0.000024	0.034267	1.274447	99.508003	71.269997	
0.000024	0.034432	1.273904	99.514000	71.279999	
0.000024	0.035549	1.276462	99.496002	71.239998	
0.000024	0.034162	1.274153	99.554001	71.339996	
0.000024	0.034570	1.276462	99.524002	71.150002	
0.000024	0.036088	1.274951	99.470001	71.160004	
0.000024	0.034042	1.274830	99.515999	71.190002	
0.000006	0.034293	1.274139	99.543999	71.220001	
0.000006	0.033995	1.273646	99.542000	71.180000	
0.000006	0.034563	1.273512	99.480003	71.190002	
0.000006	0.034738	1.271698	99.503998	71.160004	
0.000006	0.034092	1.272646	99.512001	71.250000	
0.000006	0.033673	1.273383	99.557999	71.230003	
0.000006	0.034132	1.275125	99.515999	71.199997	
0.000006	0.034447	1.277009	99.556000	71.250000	
0.000006	0.034723	1.275993	99.538002	71.239998	
0.000006	0.033685	1.274612	99.568001	71.180000	
0.000006	0.034668	1.275509	99.501999	71.239998	
0.000006	0.034979	1.276193	99.472000	71.029999	
0.000006	0.034914	1.274249	99.524002	71.349998	
0.000006	0.034834	1.276603	99.508003	71.309998	
0.000006	0.034492	1.274600	99.536003	71.230003	
0.000006	0.034836	1.275515	99.498001	71.290001	
0.000006	0.034384	1.277000	99.517998	71.190002	
0.000006	0.034342	1.275570	99.533997	71.290001	
0.000006	0.035105	1.279370	99.508003	71.370003	
0.000006	0.034962	1.274992	99.505997	71.279999	
0.000002	0.035669	1.274505	99.475998	71.089996	
0.000002	0.034447	1.275957	99.524002	71.330002	
0.000002	0.034652	1.273830	99.510002	71.389999	
0.000002	0.034399	1.273872	99.529999	71.169998	
0.000002	0.034318	1.277924	99.545998	71.279999	
0.000002	0.036122	1.277121	99.473999	71.080002	
0.000002	0.034669	1.276526	99.533997	71.269997	
0.000002	0.034966	1.275468	99.477997	71.360001	
0.000002	0.033925	1.276214	99.547997	71.239998	
0.000002	0.035044	1.275655	99.491997	71.279999	
0.000002	0.034849	1.276336	99.512001	71.410004	
0.000002	0.034193	1.274230	99.536003	71.230003	
0.000002	0.035717	1.276062	99.463997	71.239998	
0.000002	0.034334	1.274718	99.512001	71.430000	
0.000002	0.034201	1.274173	99.542000	71.330002	
0.000002	0.035384	1.274997	99.487999	71.279999	
0.000002	0.034354	1.274537	99.536003	71.239998	
0.000002	0.035074	1.273064	99.545998	71.220001	
0.000002	0.034304	1.273174	99.557999	71.349998	
0.000002	0.034984	1.273620	99.517998	71.260002	
0.000000	0.034567	1.274850	99.484001	71.220001	
0.000000	0.034436	1.275210	99.536003	71.190002	
0.000000	0.034415	1.272234	99.557999	71.260002	
0.000000	0.034483	1.277968	99.542000	71.190002	
0.000000	0.034855	1.277635	99.500000	71.300003	
0.000000	0.034347	1.275850	99.531998	71.300003	
0.000000	0.034517	1.270941	99.556000	71.250000	
0.000000	0.034482	1.272720	99.496002	71.169998	
0.000000	0.035176	1.276292	99.487999	71.220001	
0.000000	0.035291	1.275272	99.452003	71.209999	
