0.100000	3.783050	3.306949	11.328000	16.940001	
0.100000	2.955932	2.763961	23.728001	27.370001	
0.100000	2.498281	2.497769	32.680000	32.980000	
0.100000	2.196294	2.488333	38.992001	34.110001	
0.100000	1.960566	2.399149	44.546001	36.959999	
0.100000	1.797805	1.894199	48.534000	46.520000	
0.100000	1.654400	1.875914	51.976002	46.860001	
0.100000	1.540827	1.750490	54.804001	49.810001	
0.100000	1.449064	1.768320	57.243999	50.759998	
0.100000	1.356248	1.721881	59.374001	51.590000	
0.100000	1.282891	1.665511	61.198002	52.000000	
0.100000	1.210212	1.525645	63.236000	56.500000	
0.100000	1.143469	1.638815	65.236000	53.820000	
0.100000	1.092508	1.553190	66.505997	56.029999	
0.100000	1.046060	1.487234	67.875999	57.919998	
0.100000	1.001428	1.525314	69.139999	56.480000	
0.100000	0.968267	1.515861	70.167999	55.669998	
0.100000	0.937575	1.503159	70.769997	57.299999	
0.100000	0.913945	1.446514	71.307999	59.150002	
0.100000	0.883113	1.550031	72.435997	56.029999	
0.100000	0.865451	1.520050	72.900002	58.049999	
0.100000	0.841940	1.448055	73.528000	59.150002	
0.100000	0.805193	1.485756	74.487999	58.130001	
0.100000	0.794719	1.524311	74.991997	57.279999	
0.100000	0.786192	1.516201	75.213997	57.490002	
0.100000	0.769503	1.506892	75.475998	57.709999	
0.100000	0.753114	1.479926	75.980003	58.900002	
0.100000	0.736174	1.433745	76.650002	59.750000	
0.100000	0.728271	1.567390	76.986000	56.990002	
0.100000	0.710824	1.419693	77.468002	59.639999	
0.025000	0.438593	1.153583	86.533997	67.519997	
0.025000	0.343664	1.158984	89.148003	67.620003	
0.025000	0.308514	1.164854	90.398003	67.489998	
0.025000	0.279302	1.173739	91.514000	67.519997	
0.025000	0.262361	1.201487	91.779999	67.139999	
0.025000	0.243270	1.222552	92.482002	66.779999	
0.025000	0.231035	1.211714	92.938004	67.110001	
0.025000	0.219375	1.211938	93.302002	67.800003	
0.025000	0.211197	1.229674	93.564003	67.330002	
0.025000	0.199414	1.246663	93.919998	66.589996	
0.025000	0.195196	1.227567	93.914001	67.349998	
0.025000	0.187647	1.236291	94.290001	67.139999	
0.025000	0.186292	1.279036	94.309998	66.220001	
0.025000	0.174214	1.269140	94.835999	66.230003	
0.025000	0.170079	1.267831	94.825996	67.250000	
0.025000	0.170631	1.281107	94.844002	66.879997	
0.025000	0.169423	1.283765	94.954002	66.610001	
0.025000	0.158588	1.284906	95.250000	66.919998	
0.025000	0.164265	1.287410	94.945999	66.550003	
0.025000	0.158184	1.287423	95.218002	66.570000	
0.006250	0.101910	1.233806	97.169998	68.330002	
0.006250	0.079673	1.243944	97.839996	68.489998	
0.006250	0.070592	1.239678	98.099998	68.629997	
0.006250	0.066491	1.250436	98.246002	68.480003	
0.006250	0.061769	1.256679	98.396004	68.690002	
0.006250	0.060654	1.264126	98.358002	68.620003	
0.006250	0.055900	1.253748	98.615997	68.300003	
0.006250	0.052880	1.259270	98.615997	68.500000	
0.006250	0.051358	1.263631	98.622002	68.400002	
0.006250	0.048899	1.267861	98.732002	68.349998	
0.006250	0.049219	1.259990	98.755997	68.510002	
0.006250	0.047437	1.269700	98.788002	68.250000	
0.006250	0.047024	1.267172	98.839996	68.230003	
0.006250	0.043883	1.274435	98.902000	68.150002	
0.006250	0.042690	1.267188	98.977997	68.430000	
0.006250	0.040572	1.276943	99.001999	68.370003	
0.006250	0.039979	1.275976	99.096001	68.349998	
0.006250	0.040867	1.272400	98.963997	68.529999	
0.006250	0.040629	1.278286	99.052002	67.970001	
0.006250	0.039033	1.281125	99.050003	68.320000	
0.001563	0.034296	1.275555	99.227997	68.589996	
0.001563	0.032114	1.277480	99.269997	68.440002	
0.001563	0.030516	1.276230	99.314003	68.500000	
0.001563	0.030656	1.278485	99.293999	68.360001	
0.001563	0.029847	1.277897	99.342003	68.430000	
0.001563	0.029304	1.284130	99.335999	68.330002	
0.001563	0.027610	1.284873	99.435997	68.580002	
0.001563	0.027632	1.286174	99.424004	68.540001	
0.001563	0.028420	1.287341	99.342003	68.440002	
0.001563	0.028113	1.288282	99.393997	68.349998	
0.001563	0.025991	1.288747	99.461998	68.269997	
0.001563	0.027136	1.288693	99.414001	68.250000	
0.001563	0.026565	1.291967	99.449997	68.300003	
0.001563	0.027439	1.290824	99.405998	68.339996	
0.001563	0.027732	1.291670	99.353996	68.269997	
0.001563	0.026244	1.291392	99.424004	68.379997	
0.001563	0.027273	1.289703	99.393997	68.290001	
0.001563	0.026777	1.291686	99.407997	68.440002	
0.001563	0.025235	1.296203	99.517998	68.279999	
0.001563	0.025938	1.296362	99.447998	68.309998	
0.000391	0.025188	1.295747	99.498001	68.449997	
0.000391	0.026247	1.299352	99.419998	68.230003	
0.000391	0.025784	1.295243	99.449997	68.209999	
0.000391	0.026482	1.296524	99.444000	68.269997	
0.000391	0.025111	1.297173	99.486000	68.300003	
0.000391	0.024812	1.298775	99.494003	68.120003	
0.000391	0.025607	1.302135	99.475998	68.169998	
0.000391	0.026070	1.300360	99.482002	68.150002	
0.000391	0.025088	1.302617	99.512001	68.150002	
0.000391	0.025534	1.300972	99.472000	68.110001	
0.000391	0.025449	1.304633	99.477997	67.949997	
0.000391	0.025962	1.304626	99.433998	68.089996	
0.000391	0.026108	1.305093	99.472000	68.160004	
0.000391	0.026512	1.306937	99.424004	67.980003	
0.000391	0.026954	1.307645	99.426003	67.910004	
0.000391	0.026697	1.306673	99.472000	67.889999	
0.000391	0.027422	1.309208	99.426003	67.989998	
0.000391	0.024847	1.309118	99.503998	68.059998	
0.000391	0.026630	1.310943	99.447998	67.949997	
0.000391	0.025846	1.310023	99.484001	67.930000	
0.000098	0.026702	1.311055	99.431999	68.099998	
0.000098	0.026827	1.310905	99.414001	67.889999	
0.000098	0.027743	1.315150	99.389999	67.779999	
0.000098	0.027494	1.310247	99.396004	68.010002	
0.000098	0.027953	1.313069	99.431999	67.989998	
0.000098	0.027307	1.314163	99.442001	68.089996	
0.000098	0.027653	1.315618	99.405998	67.779999	
0.000098	0.027512	1.314198	99.419998	67.839996	
0.000098	0.027691	1.315102	99.456001	68.029999	
0.000098	0.027095	1.315459	99.410004	67.910004	
0.000098	0.028986	1.317040	99.402000	67.779999	
0.000098	0.028559	1.315288	99.417999	67.900002	
0.000098	0.027681	1.317747	99.454002	67.849998	
0.000098	0.027926	1.317698	99.445999	67.989998	
0.000098	0.029465	1.318006	99.372002	68.059998	
0.000098	0.027945	1.318951	99.438004	67.830002	
0.000098	0.028494	1.322512	99.353996	67.599998	
0.000098	0.028609	1.317941	99.402000	67.790001	
0.000098	0.029139	1.321449	99.402000	67.830002	
0.000098	0.028803	1.319807	99.386002	67.830002	
0.000024	0.029614	1.321761	99.398003	67.919998	
0.000024	0.029188	1.319983	99.417999	67.680000	
0.000024	0.028609	1.322567	99.417999	67.699997	
0.000024	0.028975	1.324482	99.377998	67.519997	
0.000024	0.030406	1.321445	99.339996	67.739998	
0.000024	0.030617	1.320626	99.370003	67.860001	
0.000024	0.029633	1.322868	99.337997	67.669998	
0.000024	0.030317	1.325240	99.363998	67.690002	
0.000024	0.029958	1.320833	99.321999	67.809998	
0.000024	0.029904	1.327395	99.386002	67.580002	
0.000024	0.029892	1.323857	99.398003	67.650002	
0.000024	0.030373	1.327349	99.379997	67.559998	
0.000024	0.030414	1.324272	99.382004	67.790001	
0.000024	0.031751	1.325468	99.342003	67.769997	
0.000024	0.032120	1.326590	99.274002	67.580002	
0.000024	0.031136	1.325708	99.330002	67.790001	
0.000024	0.031475	1.329513	99.372002	67.730003	
0.000024	0.031688	1.327906	99.311996	67.690002	
0.000024	0.032336	1.330931	99.307999	67.510002	
0.000024	0.032281	1.329169	99.325996	67.690002	
0.000006	0.032165	1.325896	99.339996	67.620003	
0.000006	0.033822	1.329742	99.241997	67.720001	
0.000006	0.032286	1.329848	99.325996	67.690002	
0.000006	0.032798	1.330514	99.349998	67.599998	
0.000006	0.033525	1.330055	99.278000	67.559998	
0.000006	0.032902	1.327310	99.272003	67.629997	
0.000006	0.032224	1.332246	99.295998	67.360001	
0.000006	0.034184	1.331826	99.222000	67.550003	
0.000006	0.034464	1.329916	99.248001	67.519997	
0.000006	0.033505	1.331253	99.264000	67.559998	
0.000006	0.033872	1.331747	99.239998	67.699997	
0.000006	0.033976	1.333464	99.279999	67.540001	
0.000006	0.033085	1.334617	99.272003	67.459999	
0.000006	0.034385	1.335564	99.209999	67.529999	
0.000006	0.033907	1.330721	99.232002	67.529999	
0.000006	0.035543	1.333263	99.213997	67.580002	
0.000006	0.034347	1.333741	99.241997	67.730003	
0.000006	0.034572	1.331145	99.262001	67.489998	
0.000006	0.035070	1.333389	99.208000	67.639999	
0.000006	0.036187	1.334410	99.141998	67.400002	
0.000002	0.036441	1.333711	99.160004	67.559998	
0.000002	0.035335	1.335458	99.250000	67.540001	
0.000002	0.034025	1.334070	99.248001	67.570000	
0.000002	0.036139	1.334059	99.206001	67.599998	
0.000002	0.034659	1.333365	99.239998	67.389999	
0.000002	0.036032	1.336319	99.208000	67.379997	
0.000002	0.036281	1.338082	99.183998	67.589996	
0.000002	0.035623	1.333211	99.180000	67.510002	
0.000002	0.035991	1.336320	99.250000	67.589996	
0.000002	0.036589	1.335418	99.160004	67.449997	
0.000002	0.036353	1.334678	99.166000	67.430000	
0.000002	0.034513	1.338056	99.230003	67.440002	
0.000002	0.036001	1.336565	99.202003	67.510002	
0.000002	0.038434	1.336868	99.150002	67.529999	
0.000002	0.036546	1.336622	99.188004	67.470001	
0.000002	0.036607	1.337501	99.160004	67.510002	
0.000002	0.037804	1.337065	99.150002	67.519997	
0.000002	0.037391	1.337629	99.115997	67.500000	
0.000002	0.038369	1.336670	99.113998	67.500000	
0.000002	0.038096	1.337180	99.115997	67.430000	
0.000000	0.038163	1.338178	99.129997	67.370003	
0.000000	0.036895	1.342248	99.171997	67.480003	
0.000000	0.037797	1.340730	99.129997	67.269997	
0.000000	0.037284	1.339379	99.153999	67.470001	
0.000000	0.038970	1.340175	99.071999	67.519997	
0.000000	0.037466	1.339490	99.152000	67.540001	
0.000000	0.039638	1.340113	99.052002	67.489998	
0.000000	0.038763	1.339699	99.056000	67.389999	
0.000000	0.039953	1.341733	98.986000	67.440002	
0.000000	0.039016	1.338220	99.078003	67.639999	
