0.100000	3.934211	3.451707	11.212000	18.500000	
0.100000	3.062983	2.931392	25.191999	28.799999	
0.100000	2.556926	2.667175	35.222000	34.639999	
0.100000	2.244261	2.458034	42.144001	38.150002	
0.100000	2.023797	2.094866	47.466000	47.020000	
0.100000	1.863866	2.046055	51.619999	48.500000	
0.100000	1.730578	1.872335	54.708000	52.310001	
0.100000	1.627993	1.968081	57.352001	50.470001	
0.100000	1.536280	1.850923	60.006001	52.889999	
0.100000	1.469806	1.802593	61.507999	54.150002	
0.100000	1.400677	1.828312	63.094002	54.500000	
0.100000	1.346449	1.727277	64.720001	56.380001	
0.100000	1.294572	1.737243	65.961998	56.759998	
0.100000	1.236946	1.765042	67.760002	56.119999	
0.100000	1.210540	1.902830	68.246002	53.619999	
0.100000	1.170753	1.703350	69.391998	58.529999	
0.100000	1.123513	1.852037	70.620003	55.820000	
0.100000	1.109270	1.780194	71.155998	56.009998	
0.100000	1.064400	1.860026	72.272003	55.959999	
0.100000	1.053048	1.854497	72.365997	56.290001	
0.100000	1.007404	1.802889	73.545998	56.490002	
0.100000	1.001121	1.829662	74.015999	57.840000	
0.100000	0.970124	1.825954	74.809998	57.900002	
0.100000	0.953951	1.787456	75.318001	58.090000	
0.100000	0.940905	1.796913	75.636002	57.980000	
0.100000	0.910288	1.777514	76.536003	58.779999	
0.100000	0.900739	1.772894	76.762001	58.480000	
0.100000	0.884667	1.790587	77.428001	58.400002	
0.100000	0.871097	1.864015	77.750000	57.009998	
0.100000	0.861045	1.861364	78.061996	57.650002	
0.025000	0.604995	1.440162	86.232002	66.120003	
0.025000	0.527735	1.441618	88.949997	67.120003	
0.025000	0.498576	1.455386	89.634003	67.099998	
0.025000	0.477048	1.457008	90.227997	67.360001	
0.025000	0.455584	1.484591	90.935997	66.830002	
0.025000	0.442102	1.505643	91.400002	67.139999	
0.025000	0.428461	1.497767	91.839996	67.160004	
0.025000	0.422963	1.502664	92.096001	66.910004	
0.025000	0.410343	1.524652	92.374001	67.360001	
0.025000	0.407736	1.570205	92.370003	65.949997	
0.025000	0.400829	1.563858	92.584000	66.309998	
0.025000	0.393952	1.551052	92.872002	66.720001	
0.025000	0.389069	1.547311	93.005997	66.279999	
0.025000	0.388150	1.563436	92.972000	66.309998	
0.025000	0.384031	1.563481	93.059998	66.769997	
0.025000	0.380333	1.563673	93.255997	66.370003	
0.025000	0.382926	1.567571	93.082001	66.379997	
0.025000	0.376680	1.578057	93.375999	66.489998	
0.025000	0.373311	1.575142	93.417999	66.750000	
0.025000	0.372685	1.584853	93.407997	66.500000	
0.006250	0.347751	1.527080	94.358002	67.580002	
0.006250	0.339997	1.521762	94.622002	67.730003	
0.006250	0.336159	1.526855	94.753998	67.550003	
0.006250	0.333844	1.515874	94.802002	67.709999	
0.006250	0.332253	1.515307	94.933998	67.790001	
0.006250	0.330567	1.511629	94.921997	68.230003	
0.006250	0.327682	1.521474	94.987999	67.919998	
0.006250	0.326432	1.521237	95.129997	68.110001	
0.006250	0.323998	1.523678	95.124001	67.790001	
0.006250	0.325573	1.523772	95.113998	67.839996	
0.006250	0.323118	1.520966	95.192001	67.879997	
0.006250	0.322601	1.521978	95.206001	68.050003	
0.006250	0.321001	1.531660	95.213997	67.760002	
0.006250	0.320867	1.523877	95.250000	67.970001	
0.006250	0.320964	1.526162	95.209999	67.959999	
0.006250	0.319193	1.524451	95.292000	67.930000	
0.006250	0.319504	1.526388	95.283997	67.989998	
0.006250	0.317770	1.526540	95.362000	67.930000	
0.006250	0.317796	1.525528	95.325996	67.930000	
0.006250	0.316948	1.521781	95.362000	67.970001	
0.001563	0.315528	1.518497	95.375999	68.059998	
0.001563	0.315016	1.520638	95.405998	68.050003	
0.001563	0.314629	1.522974	95.402000	67.940002	
0.001563	0.314867	1.521161	95.417999	67.940002	
0.001563	0.314595	1.523206	95.428001	67.959999	
0.001563	0.314894	1.519950	95.403999	68.070000	
0.001563	0.314178	1.518520	95.417999	68.139999	
0.001563	0.313692	1.517877	95.447998	68.040001	
0.001563	0.313432	1.521299	95.475998	68.070000	
0.001563	0.312288	1.518619	95.503998	68.040001	
0.001563	0.313200	1.519026	95.431999	68.070000	
0.001563	0.312842	1.521628	95.449997	68.220001	
0.001563	0.312714	1.520407	95.449997	68.169998	
0.001563	0.313589	1.520144	95.435997	68.070000	
0.001563	0.312765	1.518038	95.461998	67.959999	
0.001563	0.313355	1.519332	95.435997	68.129997	
0.001563	0.311755	1.519090	95.496002	68.089996	
0.001563	0.311751	1.522963	95.526001	67.980003	
0.001563	0.311157	1.520897	95.528000	67.980003	
0.001563	0.312057	1.525815	95.482002	68.000000	
0.000391	0.311977	1.525235	95.496002	68.019997	
0.000391	0.311989	1.520265	95.517998	67.959999	
0.000391	0.310890	1.519745	95.533997	68.029999	
0.000391	0.311817	1.521568	95.498001	68.050003	
0.000391	0.311865	1.523037	95.512001	68.129997	
0.000391	0.310872	1.519879	95.505997	68.029999	
0.000391	0.310914	1.523572	95.522003	68.080002	
0.000391	0.311144	1.519759	95.508003	68.029999	
0.000391	0.311106	1.519543	95.496002	68.239998	
0.000391	0.311795	1.518191	95.491997	68.059998	
0.000391	0.310005	1.519281	95.566002	67.989998	
0.000391	0.311649	1.523107	95.510002	68.180000	
0.000391	0.310995	1.516274	95.543999	68.040001	
0.000391	0.310620	1.520250	95.566002	68.129997	
0.000391	0.311312	1.521466	95.519997	68.089996	
0.000391	0.310138	1.521765	95.557999	68.099998	
0.000391	0.311995	1.520118	95.477997	68.129997	
0.000391	0.311139	1.518276	95.498001	68.120003	
0.000391	0.310756	1.522055	95.538002	68.120003	
0.000391	0.310377	1.519359	95.526001	68.099998	
0.000098	0.310365	1.519397	95.538002	68.139999	
0.000098	0.310855	1.519411	95.519997	68.110001	
0.000098	0.309806	1.520385	95.517998	68.150002	
0.000098	0.310506	1.519492	95.545998	68.150002	
0.000098	0.310606	1.520741	95.559998	68.169998	
0.000098	0.309598	1.521070	95.568001	68.150002	
0.000098	0.310334	1.520741	95.584000	68.129997	
0.000098	0.310141	1.519648	95.526001	68.190002	
0.000098	0.310483	1.521798	95.515999	68.190002	
0.000098	0.311000	1.521635	95.477997	68.070000	
0.000098	0.309941	1.520767	95.522003	67.959999	
0.000098	0.310421	1.519646	95.547997	68.209999	
0.000098	0.310734	1.521386	95.514000	68.250000	
0.000098	0.310438	1.519177	95.566002	68.160004	
0.000098	0.310407	1.521907	95.533997	68.160004	
0.000098	0.310431	1.515544	95.540001	68.169998	
0.000098	0.310623	1.520470	95.536003	68.029999	
0.000098	0.310701	1.522955	95.515999	68.139999	
0.000098	0.311173	1.518268	95.498001	68.089996	
0.000098	0.310670	1.519153	95.528000	68.220001	
0.000024	0.310974	1.519870	95.533997	68.190002	
0.000024	0.309902	1.519236	95.568001	68.160004	
0.000024	0.310633	1.520896	95.505997	68.050003	
0.000024	0.310303	1.518821	95.540001	68.150002	
0.000024	0.311192	1.521822	95.522003	68.010002	
0.000024	0.309842	1.520210	95.596001	68.169998	
0.000024	0.311078	1.520480	95.529999	68.080002	
0.000024	0.310441	1.519206	95.550003	68.160004	
0.000024	0.310573	1.517783	95.536003	68.010002	
0.000024	0.310035	1.519998	95.542000	68.169998	
0.000024	0.310536	1.521440	95.545998	68.019997	
0.000024	0.310090	1.520016	95.545998	68.160004	
0.000024	0.310056	1.521335	95.526001	68.309998	
0.000024	0.310064	1.518928	95.570000	68.220001	
0.000024	0.310442	1.520418	95.526001	68.199997	
0.000024	0.310125	1.519190	95.566002	68.040001	
0.000024	0.310130	1.520930	95.568001	68.050003	
0.000024	0.309997	1.518564	95.564003	68.099998	
0.000024	0.309563	1.520631	95.566002	68.050003	
0.000024	0.310744	1.521066	95.538002	68.129997	
0.000006	0.310255	1.521411	95.508003	68.129997	
0.000006	0.310479	1.519517	95.540001	68.120003	
0.000006	0.310459	1.518706	95.554001	68.199997	
0.000006	0.309370	1.519488	95.598000	68.190002	
0.000006	0.309535	1.519947	95.552002	68.110001	
0.000006	0.310372	1.520362	95.538002	68.110001	
0.000006	0.310605	1.520203	95.528000	68.160004	
0.000006	0.310475	1.518110	95.522003	68.120003	
0.000006	0.309542	1.519438	95.592003	68.239998	
0.000006	0.310618	1.518428	95.500000	68.320000	
0.000006	0.310201	1.520468	95.568001	68.160004	
0.000006	0.310322	1.521469	95.522003	68.150002	
0.000006	0.310221	1.519106	95.547997	68.110001	
0.000006	0.310783	1.517639	95.505997	68.129997	
0.000006	0.310800	1.521597	95.542000	68.089996	
0.000006	0.310611	1.522638	95.533997	68.099998	
0.000006	0.310352	1.522794	95.543999	68.099998	
0.000006	0.310969	1.521788	95.500000	68.029999	
0.000006	0.310457	1.518171	95.498001	68.139999	
0.000006	0.311038	1.520857	95.554001	68.209999	
0.000002	0.310142	1.518865	95.561996	68.050003	
0.000002	0.311685	1.523152	95.486000	68.050003	
0.000002	0.309961	1.519651	95.540001	68.199997	
0.000002	0.310683	1.519396	95.529999	68.059998	
0.000002	0.311026	1.522441	95.536003	68.080002	
0.000002	0.310682	1.521509	95.545998	68.150002	
0.000002	0.309922	1.520244	95.540001	68.199997	
0.000002	0.310123	1.519737	95.552002	68.230003	
0.000002	0.310488	1.521192	95.568001	68.190002	
0.000002	0.310152	1.522496	95.571999	68.050003	
0.000002	0.311218	1.521754	95.515999	68.050003	
0.000002	0.310846	1.521981	95.508003	67.940002	
0.000002	0.310380	1.522945	95.531998	68.000000	
0.000002	0.310184	1.519635	95.514000	68.000000	
0.000002	0.310405	1.516951	95.540001	68.180000	
0.000002	0.310400	1.522535	95.545998	68.120003	
0.000002	0.309817	1.519148	95.533997	68.040001	
0.000002	0.311212	1.518357	95.494003	68.080002	
0.000002	0.310775	1.521039	95.524002	67.980003	
0.000002	0.310035	1.518490	95.554001	68.029999	
0.000000	0.310115	1.518235	95.542000	67.980003	
0.000000	0.309243	1.519731	95.601997	67.970001	
0.000000	0.310870	1.519993	95.519997	68.070000	
0.000000	0.310334	1.520966	95.556000	68.160004	
0.000000	0.310205	1.521872	95.540001	68.120003	
0.000000	0.310617	1.522050	95.536003	68.110001	
0.000000	0.310075	1.522285	95.531998	68.050003	
0.000000	0.310143	1.522226	95.568001	68.150002	
0.000000	0.310505	1.521294	95.528000	68.089996	
0.000000	0.310280	1.519594	95.540001	68.080002	
