0.100000	3.911687	3.483984	10.910000	17.410000	
0.100000	2.965229	2.834660	25.802000	29.190001	
0.100000	2.437035	2.938967	36.096001	30.690001	
0.100000	2.107837	2.172152	43.464001	42.180000	
0.100000	1.872997	1.996335	48.922001	46.549999	
0.100000	1.697582	2.225217	53.391998	43.790001	
0.100000	1.568703	1.921151	56.178001	48.830002	
0.100000	1.458123	1.778569	59.334000	52.779999	
0.100000	1.372536	1.863471	61.279999	51.529999	
0.100000	1.294364	1.665362	63.480000	55.660000	
0.100000	1.229864	1.695451	64.938004	55.950001	
0.100000	1.165243	1.672265	66.848000	55.919998	
0.100000	1.109652	1.664650	68.290001	56.900002	
0.100000	1.064038	1.676387	69.444000	56.930000	
0.100000	1.018208	1.794780	70.653999	55.419998	
0.100000	0.980407	1.668747	71.716003	57.590000	
0.100000	0.952583	1.879038	72.528000	53.799999	
0.100000	0.914426	1.593930	73.601997	59.540001	
0.100000	0.885576	1.568565	74.468002	59.189999	
0.100000	0.853849	1.648255	75.356003	59.590000	
0.100000	0.833664	1.669804	75.643997	58.639999	
0.100000	0.815162	1.546517	76.227997	61.000000	
0.100000	0.777408	1.510720	77.227997	61.549999	
0.100000	0.763577	1.545557	77.723999	61.750000	
0.100000	0.738461	1.658260	78.496002	59.360001	
0.100000	0.733294	1.544448	78.596001	61.110001	
0.100000	0.708535	1.546564	79.351997	62.040001	
0.100000	0.695600	1.651728	79.676003	59.860001	
0.100000	0.675067	1.624028	80.300003	60.840000	
0.100000	0.669771	1.507633	80.349998	63.270000	
0.025000	0.411502	1.233459	88.786003	68.809998	
0.025000	0.335068	1.260836	91.330002	69.059998	
0.025000	0.292123	1.271324	92.678001	69.209999	
0.025000	0.275161	1.290228	93.117996	68.760002	
0.025000	0.255661	1.298897	93.720001	69.290001	
0.025000	0.243891	1.297644	94.120003	69.320000	
0.025000	0.229560	1.335008	94.421997	69.040001	
0.025000	0.224650	1.349482	94.685997	68.540001	
0.025000	0.212117	1.346055	94.977997	68.949997	
0.025000	0.203082	1.358078	95.292000	68.879997	
0.025000	0.196286	1.363282	95.587997	68.870003	
0.025000	0.192620	1.375374	95.652000	69.040001	
0.025000	0.190282	1.407145	95.722000	68.639999	
0.025000	0.183806	1.394784	96.026001	68.430000	
0.025000	0.179803	1.401991	96.099998	68.430000	
0.025000	0.174922	1.394345	96.169998	68.699997	
0.025000	0.173680	1.376515	96.246002	69.129997	
0.025000	0.170337	1.402987	96.262001	69.029999	
0.025000	0.171707	1.404386	96.239998	68.690002	
0.025000	0.166428	1.380958	96.400002	69.389999	
0.006250	0.143001	1.338939	97.276001	70.309998	
0.006250	0.132351	1.333179	97.671997	70.239998	
0.006250	0.129708	1.333323	97.786003	70.330002	
0.006250	0.125934	1.333367	97.888000	70.430000	
0.006250	0.125077	1.336551	97.914001	70.309998	
0.006250	0.123513	1.335054	97.947998	70.639999	
0.006250	0.120938	1.340587	98.036003	70.199997	
0.006250	0.119486	1.336816	98.073997	70.559998	
0.006250	0.118985	1.339198	98.082001	70.309998	
0.006250	0.117089	1.341702	98.208000	70.529999	
0.006250	0.117337	1.342870	98.162003	70.250000	
0.006250	0.117237	1.339279	98.146004	70.309998	
0.006250	0.115676	1.344248	98.211998	70.250000	
0.006250	0.113915	1.344846	98.288002	69.949997	
0.006250	0.114286	1.344358	98.255997	70.089996	
0.006250	0.113276	1.340981	98.267998	70.239998	
0.006250	0.112811	1.347330	98.288002	70.410004	
0.006250	0.113333	1.345832	98.278000	70.300003	
0.006250	0.111830	1.346161	98.334000	70.389999	
0.006250	0.111578	1.355366	98.311996	70.209999	
0.001563	0.110053	1.345352	98.382004	70.320000	
0.001563	0.109435	1.341462	98.382004	70.330002	
0.001563	0.108981	1.344365	98.405998	70.330002	
0.001563	0.108527	1.346672	98.402000	70.349998	
0.001563	0.107954	1.346771	98.433998	70.250000	
0.001563	0.107929	1.343815	98.444000	70.199997	
0.001563	0.108512	1.344574	98.438004	70.519997	
0.001563	0.107013	1.341281	98.468002	70.320000	
0.001563	0.107644	1.347855	98.431999	70.379997	
0.001563	0.105830	1.344530	98.515999	70.279999	
0.001563	0.107417	1.343559	98.433998	70.279999	
0.001563	0.107236	1.347583	98.447998	70.269997	
0.001563	0.106889	1.345923	98.440002	70.220001	
0.001563	0.106733	1.345574	98.431999	70.199997	
0.001563	0.106270	1.344878	98.489998	70.209999	
0.001563	0.107149	1.342048	98.445999	70.540001	
0.001563	0.106906	1.343974	98.452003	70.349998	
0.001563	0.106868	1.343977	98.452003	70.389999	
0.001563	0.106299	1.340836	98.503998	70.540001	
0.001563	0.105682	1.343886	98.500000	70.400002	
0.000391	0.106022	1.341289	98.466003	70.290001	
0.000391	0.105549	1.341197	98.514000	70.470001	
0.000391	0.105567	1.344115	98.517998	70.589996	
0.000391	0.105252	1.341939	98.475998	70.389999	
0.000391	0.105868	1.343963	98.496002	70.389999	
0.000391	0.104981	1.347660	98.517998	70.260002	
0.000391	0.104801	1.346714	98.486000	70.360001	
0.000391	0.105406	1.343758	98.517998	70.360001	
0.000391	0.105085	1.344368	98.501999	70.269997	
0.000391	0.105478	1.343995	98.449997	70.449997	
0.000391	0.105173	1.346118	98.491997	70.349998	
0.000391	0.105353	1.346549	98.508003	70.279999	
0.000391	0.104924	1.344431	98.503998	70.389999	
0.000391	0.105058	1.341860	98.538002	70.250000	
0.000391	0.105785	1.343455	98.501999	70.239998	
0.000391	0.104688	1.344279	98.545998	70.480003	
0.000391	0.104649	1.342178	98.542000	70.360001	
0.000391	0.104535	1.345721	98.540001	70.400002	
0.000391	0.105187	1.345610	98.496002	70.430000	
0.000391	0.104035	1.343422	98.550003	70.239998	
0.000098	0.105197	1.344156	98.517998	70.339996	
0.000098	0.105037	1.348519	98.528000	70.260002	
0.000098	0.105308	1.342236	98.480003	70.489998	
0.000098	0.104748	1.345559	98.500000	70.349998	
0.000098	0.104519	1.342052	98.522003	70.339996	
0.000098	0.104828	1.344223	98.528000	70.430000	
0.000098	0.104623	1.341334	98.512001	70.510002	
0.000098	0.104452	1.345068	98.533997	70.349998	
0.000098	0.105115	1.341676	98.528000	70.300003	
0.000098	0.104513	1.345371	98.547997	70.220001	
0.000098	0.105206	1.343741	98.526001	70.510002	
0.000098	0.105022	1.345032	98.515999	70.209999	
0.000098	0.104125	1.343350	98.522003	70.300003	
0.000098	0.104164	1.342754	98.522003	70.489998	
0.000098	0.104316	1.344010	98.542000	70.220001	
0.000098	0.105670	1.342472	98.503998	70.349998	
0.000098	0.105106	1.345128	98.500000	70.370003	
0.000098	0.105642	1.345556	98.458000	70.290001	
0.000098	0.104995	1.346202	98.503998	70.440002	
0.000098	0.104853	1.346271	98.515999	70.269997	
0.000024	0.103864	1.345510	98.552002	70.360001	
0.000024	0.103556	1.342543	98.557999	70.470001	
0.000024	0.104576	1.340794	98.536003	70.339996	
0.000024	0.104908	1.346778	98.545998	70.160004	
0.000024	0.104371	1.346523	98.547997	70.320000	
0.000024	0.103978	1.345943	98.522003	70.470001	
0.000024	0.104522	1.344830	98.487999	70.300003	
0.000024	0.103891	1.344911	98.559998	70.349998	
0.000024	0.105470	1.348451	98.480003	70.440002	
0.000024	0.104199	1.344263	98.552002	70.449997	
0.000024	0.104808	1.344722	98.505997	70.239998	
0.000024	0.104233	1.345111	98.554001	70.379997	
0.000024	0.104710	1.343258	98.508003	70.419998	
0.000024	0.105004	1.346061	98.510002	70.430000	
0.000024	0.104755	1.343062	98.510002	70.389999	
0.000024	0.104155	1.343062	98.556000	70.379997	
0.000024	0.104343	1.345320	98.533997	70.459999	
0.000024	0.104576	1.346470	98.536003	70.290001	
0.000024	0.104753	1.346677	98.531998	70.269997	
0.000024	0.104234	1.345823	98.564003	70.480003	
0.000006	0.104578	1.346235	98.519997	70.370003	
0.000006	0.104669	1.344494	98.508003	70.349998	
0.000006	0.104535	1.342334	98.519997	70.269997	
0.000006	0.105013	1.343751	98.491997	70.300003	
0.000006	0.104476	1.346805	98.519997	70.419998	
0.000006	0.104340	1.347583	98.557999	70.250000	
0.000006	0.103824	1.341360	98.573997	70.379997	
0.000006	0.104412	1.343600	98.522003	70.389999	
0.000006	0.104283	1.343552	98.542000	70.449997	
0.000006	0.104909	1.345753	98.498001	70.320000	
0.000006	0.103984	1.342960	98.559998	70.459999	
0.000006	0.105553	1.341098	98.491997	70.360001	
0.000006	0.104420	1.342075	98.529999	70.260002	
0.000006	0.103861	1.341199	98.545998	70.239998	
0.000006	0.104255	1.343190	98.540001	70.449997	
0.000006	0.104941	1.345037	98.503998	70.349998	
0.000006	0.104725	1.340208	98.503998	70.339996	
0.000006	0.104514	1.342855	98.536003	70.449997	
0.000006	0.104526	1.340615	98.531998	70.260002	
0.000006	0.104183	1.345286	98.542000	70.419998	
0.000002	0.103477	1.342621	98.557999	70.320000	
0.000002	0.104267	1.342891	98.543999	70.290001	
0.000002	0.104236	1.344997	98.540001	70.400002	
0.000002	0.105023	1.344768	98.557999	70.500000	
0.000002	0.104404	1.343318	98.519997	70.309998	
0.000002	0.104953	1.345008	98.510002	70.449997	
0.000002	0.104503	1.342182	98.580002	70.330002	
0.000002	0.104169	1.344836	98.554001	70.379997	
0.000002	0.104830	1.343314	98.491997	70.430000	
0.000002	0.105116	1.347679	98.480003	70.250000	
0.000002	0.104759	1.343213	98.531998	70.339996	
0.000002	0.103947	1.346244	98.505997	70.239998	
0.000002	0.103979	1.344032	98.540001	70.449997	
0.000002	0.104529	1.342360	98.505997	70.389999	
0.000002	0.103909	1.344860	98.547997	70.330002	
0.000002	0.104464	1.343808	98.510002	70.230003	
0.000002	0.103927	1.346702	98.517998	70.309998	
0.000002	0.105061	1.346079	98.489998	70.430000	
0.000002	0.104354	1.344939	98.531998	70.400002	
0.000002	0.105091	1.346217	98.526001	70.400002	
0.000000	0.104034	1.346018	98.547997	70.400002	
0.000000	0.104658	1.347250	98.522003	70.330002	
0.000000	0.104592	1.345685	98.526001	70.339996	
0.000000	0.104744	1.344015	98.533997	70.459999	
0.000000	0.104391	1.342064	98.559998	70.449997	
0.000000	0.104579	1.340508	98.531998	70.570000	
0.000000	0.104390	1.345671	98.517998	70.379997	
0.000000	0.104583	1.343269	98.491997	70.370003	
0.000000	0.104940	1.342726	98.503998	70.180000	
0.000000	0.103749	1.344321	98.543999	70.309998	
