0.100000	3.955967	3.726057	9.337999	13.679999	
0.100000	3.142076	2.921622	22.034000	26.969999	
0.100000	2.548133	2.622754	33.562000	33.419998	
0.100000	2.187729	2.731093	41.523998	33.579998	
0.100000	1.931316	1.966689	47.435997	47.059998	
0.100000	1.746109	1.877078	51.868000	49.639999	
0.100000	1.603953	2.069955	55.472000	46.779999	
0.100000	1.491777	1.727959	58.264000	53.829998	
0.100000	1.405485	1.642408	60.607998	56.039997	
0.100000	1.334824	1.667397	62.472000	55.669998	
0.100000	1.250929	1.671016	64.608002	55.889999	
0.100000	1.186876	1.712641	66.330002	54.899998	
0.100000	1.133690	1.581912	67.587997	58.139999	
0.100000	1.075402	1.498357	69.087997	59.549999	
0.100000	1.034031	1.798232	70.323997	54.590000	
0.100000	0.995022	1.615548	71.185997	58.410000	
0.100000	0.950049	1.534104	72.498001	59.949997	
0.100000	0.928663	1.702011	73.033997	57.199997	
0.100000	0.880053	1.533814	74.273994	60.379997	
0.100000	0.827814	1.517436	74.989998	61.419998	
0.100000	0.791315	1.561000	76.099998	60.109997	
0.100000	0.768205	1.508793	76.585999	60.969997	
0.100000	0.747985	1.723814	77.239998	57.369999	
0.100000	0.720633	1.526846	77.877998	61.079998	
0.100000	0.692464	1.490919	78.827995	61.949997	
0.100000	0.680517	1.537787	79.283997	61.829998	
0.100000	0.661414	1.458629	79.673996	62.759998	
0.100000	0.643346	1.705718	80.255997	58.099998	
0.100000	0.636060	1.550052	80.313995	61.799999	
0.100000	0.622674	1.426545	80.759995	64.089996	
0.025000	0.356830	1.187167	89.635994	69.529999	
0.025000	0.279496	1.184568	91.931999	70.500000	
0.025000	0.238569	1.210844	93.139999	69.239998	
0.025000	0.214385	1.207085	93.947998	69.869995	
0.025000	0.198012	1.231373	94.405998	70.199997	
0.025000	0.183938	1.260211	94.923996	69.839996	
0.025000	0.171327	1.249467	95.259995	70.629997	
0.025000	0.161715	1.270963	95.419998	69.689995	
0.025000	0.155694	1.269893	95.669998	70.070000	
0.025000	0.144152	1.277374	96.015999	70.049995	
0.025000	0.136931	1.291195	96.222000	69.529999	
0.025000	0.129565	1.294052	96.498001	69.680000	
0.025000	0.123783	1.307316	96.617996	70.019997	
0.025000	0.121651	1.302633	96.671997	69.860001	
0.025000	0.113403	1.318002	97.042000	69.639999	
0.025000	0.110116	1.316294	97.056000	69.750000	
0.025000	0.109110	1.333150	97.105995	69.629997	
0.025000	0.109127	1.321430	97.112000	69.680000	
0.025000	0.108811	1.345494	97.145996	69.570000	
0.025000	0.106145	1.334953	97.107994	69.759995	
0.006250	0.076570	1.287118	98.201996	70.729996	
0.006250	0.067980	1.276309	98.587997	71.099998	
0.006250	0.063337	1.274563	98.681999	70.970001	
0.006250	0.060679	1.277352	98.779999	70.879997	
0.006250	0.059470	1.279914	98.785995	70.989998	
0.006250	0.056256	1.276910	98.925995	71.000000	
0.006250	0.054634	1.280263	99.009995	71.080002	
0.006250	0.052890	1.274503	98.984001	71.180000	
0.006250	0.052919	1.280411	99.056000	71.019997	
0.006250	0.051064	1.284788	99.073997	71.129997	
0.006250	0.049587	1.277717	99.101997	71.009995	
0.006250	0.047003	1.279658	99.223999	71.049995	
0.006250	0.047738	1.287449	99.191994	70.839996	
0.006250	0.047543	1.282920	99.149994	71.009995	
0.006250	0.047202	1.280466	99.167999	71.119995	
0.006250	0.047603	1.279788	99.171997	71.239998	
0.006250	0.045752	1.281934	99.276001	71.019997	
0.006250	0.045102	1.289590	99.243996	71.080002	
0.006250	0.044515	1.284626	99.248001	71.220001	
0.006250	0.044799	1.280054	99.241997	71.089996	
0.001563	0.042144	1.275880	99.349998	71.309998	
0.001563	0.041119	1.277499	99.349998	71.439995	
0.001563	0.040561	1.280815	99.367996	71.229996	
0.001563	0.040749	1.276461	99.399994	71.250000	
0.001563	0.040310	1.275841	99.379997	71.349998	
0.001563	0.040054	1.277341	99.402000	71.379997	
0.001563	0.039768	1.280076	99.393997	71.229996	
0.001563	0.039357	1.274581	99.435997	71.159996	
0.001563	0.039522	1.273717	99.413994	71.299995	
0.001563	0.039235	1.273201	99.407997	71.470001	
0.001563	0.039084	1.274937	99.419998	71.299995	
0.001563	0.038177	1.273093	99.441994	71.320000	
0.001563	0.038251	1.277698	99.419998	71.320000	
0.001563	0.038332	1.276790	99.439995	71.330002	
0.001563	0.038627	1.275667	99.444000	71.379997	
0.001563	0.039056	1.273541	99.456001	71.360001	
0.001563	0.038259	1.274934	99.461998	71.339996	
0.001563	0.037957	1.274135	99.484001	71.369995	
0.001563	0.037751	1.280466	99.486000	71.159996	
0.001563	0.037644	1.276085	99.475998	71.349998	
0.000391	0.037049	1.270786	99.481995	71.389999	
0.000391	0.037410	1.278555	99.473999	71.299995	
0.000391	0.036499	1.277578	99.505997	71.479996	
0.000391	0.036796	1.276602	99.441994	71.349998	
0.000391	0.038359	1.275675	99.445999	71.449997	
0.000391	0.037128	1.272807	99.484001	71.360001	
0.000391	0.037146	1.274841	99.484001	71.389999	
0.000391	0.037094	1.274035	99.477997	71.400002	
0.000391	0.036868	1.274045	99.477997	71.519997	
0.000391	0.036840	1.279805	99.481995	71.239998	
0.000391	0.036348	1.279121	99.509995	71.360001	
0.000391	0.036995	1.275287	99.493996	71.409996	
0.000391	0.036587	1.276965	99.489998	71.379997	
0.000391	0.036331	1.274534	99.501999	71.299995	
0.000391	0.036321	1.271344	99.507996	71.330002	
0.000391	0.036997	1.274598	99.463997	71.290001	
0.000391	0.036800	1.276492	99.484001	71.220001	
0.000391	0.036949	1.279437	99.477997	71.389999	
0.000391	0.036679	1.272314	99.475998	71.349998	
0.000391	0.037697	1.272525	99.444000	71.449997	
0.000098	0.035975	1.272506	99.498001	71.389999	
0.000098	0.036238	1.279691	99.498001	71.479996	
0.000098	0.036709	1.274602	99.519997	71.220001	
0.000098	0.036565	1.272307	99.493996	71.389999	
0.000098	0.035610	1.276256	99.549995	71.500000	
0.000098	0.037219	1.271867	99.477997	71.540001	
0.000098	0.036878	1.274353	99.484001	71.309998	
0.000098	0.035679	1.274932	99.519997	71.339996	
0.000098	0.036992	1.274842	99.463997	71.449997	
0.000098	0.035222	1.276342	99.537994	71.459999	
0.000098	0.036585	1.275422	99.473999	71.360001	
0.000098	0.036070	1.274116	99.472000	71.549995	
0.000098	0.035582	1.274935	99.519997	71.360001	
0.000098	0.036110	1.274105	99.526001	71.439995	
0.000098	0.036412	1.276032	99.512001	71.459999	
0.000098	0.035837	1.273220	99.537994	71.269997	
0.000098	0.036501	1.276785	99.498001	71.459999	
0.000098	0.035968	1.275228	99.528000	71.519997	
0.000098	0.036639	1.276079	99.509995	71.529999	
0.000098	0.036371	1.273613	99.498001	71.309998	
0.000024	0.036246	1.272010	99.498001	71.500000	
0.000024	0.036489	1.275176	99.486000	71.509995	
0.000024	0.035982	1.272202	99.475998	71.449997	
0.000024	0.036406	1.272613	99.500000	71.400002	
0.000024	0.035997	1.274368	99.543999	71.489998	
0.000024	0.036048	1.275950	99.515999	71.439995	
0.000024	0.036467	1.272841	99.456001	71.549995	
0.000024	0.036261	1.275161	99.470001	71.500000	
0.000024	0.035173	1.276430	99.521996	71.400002	
0.000024	0.036398	1.273837	99.523994	71.439995	
0.000024	0.035919	1.272519	99.526001	71.360001	
0.000024	0.036190	1.275142	99.487999	71.459999	
0.000024	0.035510	1.276079	99.523994	71.309998	
0.000024	0.036712	1.271592	99.449997	71.430000	
0.000024	0.036148	1.274646	99.514000	71.449997	
0.000024	0.036035	1.272181	99.470001	71.459999	
0.000024	0.036126	1.274951	99.473999	71.519997	
0.000024	0.035390	1.272789	99.529999	71.389999	
0.000024	0.035629	1.274637	99.537994	71.400002	
0.000024	0.036367	1.274724	99.487999	71.559998	
0.000006	0.035544	1.273464	99.542000	71.389999	
0.000006	0.036459	1.269473	99.465996	71.470001	
0.000006	0.035170	1.274749	99.557999	71.610001	
0.000006	0.036084	1.272629	99.498001	71.369995	
0.000006	0.035597	1.272349	99.540001	71.419998	
0.000006	0.035960	1.270410	99.512001	71.470001	
0.000006	0.036359	1.275427	99.481995	71.439995	
0.000006	0.036277	1.273949	99.493996	71.339996	
0.000006	0.037272	1.276694	99.470001	71.320000	
0.000006	0.035714	1.273785	99.515999	71.540001	
0.000006	0.036038	1.277384	99.523994	71.449997	
0.000006	0.037225	1.270040	99.470001	71.430000	
0.000006	0.035330	1.272144	99.523994	71.419998	
0.000006	0.036141	1.272617	99.487999	71.489998	
0.000006	0.035585	1.275018	99.551994	71.400002	
0.000006	0.036255	1.272716	99.519997	71.330002	
0.000006	0.035076	1.275200	99.491997	71.449997	
0.000006	0.036604	1.272196	99.491997	71.470001	
0.000006	0.036090	1.272104	99.512001	71.419998	
0.000006	0.036839	1.275990	99.495995	71.430000	
0.000002	0.036457	1.273829	99.491997	71.349998	
0.000002	0.036535	1.275155	99.515999	71.459999	
0.000002	0.036037	1.275874	99.523994	71.549995	
0.000002	0.037025	1.271479	99.444000	71.430000	
0.000002	0.035446	1.277709	99.549995	71.309998	
0.000002	0.036003	1.274522	99.503998	71.430000	
0.000002	0.035828	1.273546	99.505997	71.430000	
0.000002	0.035438	1.273338	99.531998	71.419998	
0.000002	0.036117	1.276827	99.523994	71.489998	
0.000002	0.035956	1.274547	99.473999	71.389999	
0.000002	0.037083	1.272582	99.441994	71.430000	
0.000002	0.035948	1.276669	99.498001	71.409996	
0.000002	0.036518	1.273698	99.467995	71.500000	
0.000002	0.036201	1.272514	99.505997	71.449997	
0.000002	0.036409	1.272004	99.489998	71.459999	
0.000002	0.035853	1.276396	99.484001	71.409996	
0.000002	0.036416	1.273851	99.484001	71.430000	
0.000002	0.036462	1.275477	99.514000	71.419998	
0.000002	0.036649	1.276892	99.477997	71.339996	
0.000002	0.036007	1.273250	99.498001	71.669998	
0.000000	0.035477	1.275978	99.514000	71.330002	
0.000000	0.035228	1.273893	99.529999	71.430000	
0.000000	0.035770	1.272775	99.531998	71.449997	
0.000000	0.035349	1.272648	99.543999	71.459999	
0.000000	0.035343	1.274337	99.537994	71.479996	
0.000000	0.036955	1.273826	99.475998	71.220001	
0.000000	0.035765	1.275242	99.509995	71.199997	
0.000000	0.036752	1.273450	99.498001	71.509995	
0.000000	0.035533	1.273710	99.535995	71.409996	
0.000000	0.036404	1.271410	99.531998	71.430000	
