0.100000	3.816891	3.492679	10.410000	16.650000	
0.100000	2.989592	2.854059	24.048000	26.609999	
0.100000	2.464614	2.520957	34.091999	33.119999	
0.100000	2.110911	2.305698	41.795998	39.139999	
0.100000	1.870808	2.031614	47.719997	44.219997	
0.100000	1.699019	1.851666	51.733997	49.049999	
0.100000	1.566585	1.924501	55.208000	47.000000	
0.100000	1.445606	1.718307	58.306000	52.689999	
0.100000	1.355942	1.630283	60.619999	54.660000	
0.100000	1.267446	1.637338	62.590000	54.209999	
0.100000	1.186239	1.708138	64.729996	53.129997	
0.100000	1.133644	1.497510	66.206001	58.259998	
0.100000	1.069565	1.618718	67.774002	55.739998	
0.100000	1.018554	1.599570	69.201996	56.609997	
0.100000	0.970513	1.560995	70.580002	57.049999	
0.100000	0.924532	1.543205	71.787994	57.270000	
0.100000	0.898202	1.488749	72.655998	59.430000	
0.100000	0.854522	1.578357	73.751999	57.189999	
0.100000	0.817485	1.566118	74.790001	58.769997	
0.100000	0.796113	1.504445	75.335999	59.799999	
0.100000	0.773808	1.613870	75.972000	58.009998	
0.100000	0.753839	1.571719	76.479996	58.959999	
0.100000	0.721851	1.507920	77.545998	59.549999	
0.100000	0.709149	1.539359	77.745995	59.230000	
0.100000	0.687015	1.522381	78.363998	59.809998	
0.100000	0.678988	1.487645	78.631996	61.269997	
0.100000	0.659178	1.504187	79.421997	60.459999	
0.100000	0.647935	1.503731	79.587997	60.500000	
0.100000	0.639509	1.577840	79.956001	59.299999	
0.100000	0.628252	1.466004	80.293999	61.149998	
0.025000	0.368983	1.133455	88.925995	69.589996	
0.025000	0.286295	1.138218	91.633995	69.379997	
0.025000	0.251604	1.129598	92.667999	70.119995	
0.025000	0.230963	1.130698	93.315994	70.239998	
0.025000	0.216787	1.154439	93.613998	69.959999	
0.025000	0.204369	1.163810	94.199997	69.949997	
0.025000	0.190292	1.171839	94.607994	69.919998	
0.025000	0.179598	1.164673	94.881996	70.290001	
0.025000	0.170328	1.181736	95.269997	69.769997	
0.025000	0.164585	1.179027	95.341995	69.939995	
0.025000	0.154873	1.183096	95.667999	69.909996	
0.025000	0.152991	1.173597	95.713997	69.919998	
0.025000	0.144710	1.193282	95.973999	70.250000	
0.025000	0.141878	1.192978	96.071999	70.099998	
0.025000	0.138387	1.197192	96.115997	69.619995	
0.025000	0.132995	1.207578	96.353996	69.799995	
0.025000	0.125303	1.206726	96.556000	70.299995	
0.025000	0.123273	1.217226	96.603996	69.729996	
0.025000	0.123513	1.252351	96.535995	69.189995	
0.025000	0.119582	1.232657	96.687996	69.389999	
0.006250	0.090812	1.179382	97.745995	70.689995	
0.006250	0.080256	1.184614	98.037994	70.619995	
0.006250	0.079617	1.185364	97.995995	70.669998	
0.006250	0.075328	1.187748	98.125999	70.650002	
0.006250	0.072406	1.195721	98.223999	70.509995	
0.006250	0.072817	1.191151	98.213997	70.779999	
0.006250	0.070643	1.183781	98.287994	71.029999	
0.006250	0.068433	1.183169	98.379997	70.869995	
0.006250	0.065622	1.188772	98.430000	70.599998	
0.006250	0.065514	1.195894	98.447998	70.599998	
0.006250	0.063405	1.187515	98.505997	70.879997	
0.006250	0.062945	1.191889	98.529999	70.979996	
0.006250	0.061431	1.191920	98.526001	70.599998	
0.006250	0.060265	1.190164	98.570000	70.659996	
0.006250	0.059077	1.189796	98.615997	71.070000	
0.006250	0.057811	1.187687	98.649994	71.009995	
0.006250	0.057362	1.181434	98.652000	71.019997	
0.006250	0.055915	1.186791	98.745995	71.009995	
0.006250	0.055842	1.201779	98.683998	70.720001	
0.006250	0.053584	1.195088	98.841995	71.019997	
0.001563	0.048610	1.188516	98.959999	71.019997	
0.001563	0.048103	1.192871	99.000000	70.989998	
0.001563	0.047224	1.187444	98.991997	71.129997	
0.001563	0.046643	1.191000	99.005997	70.970001	
0.001563	0.047059	1.188226	98.973999	71.029999	
0.001563	0.046710	1.185032	98.991997	71.229996	
0.001563	0.046074	1.192071	99.003998	70.989998	
0.001563	0.044678	1.190768	99.098000	70.860001	
0.001563	0.045060	1.189075	99.001999	71.159996	
0.001563	0.044839	1.188115	99.082001	71.029999	
0.001563	0.044115	1.189625	99.077995	71.009995	
0.001563	0.044621	1.187810	99.056000	71.099998	
0.001563	0.043749	1.190742	99.071999	71.040001	
0.001563	0.043853	1.189883	99.079994	71.129997	
0.001563	0.043485	1.190111	99.117996	71.189995	
0.001563	0.043206	1.195222	99.098000	71.070000	
0.001563	0.043401	1.188613	99.059998	71.009995	
0.001563	0.043138	1.197875	99.061996	70.949997	
0.001563	0.041299	1.195368	99.107994	70.959999	
0.001563	0.041932	1.195103	99.143997	70.889999	
0.000391	0.040464	1.193102	99.206001	70.900002	
0.000391	0.041000	1.195311	99.187996	71.129997	
0.000391	0.040231	1.191548	99.199997	70.909996	
0.000391	0.039356	1.193575	99.215996	71.049995	
0.000391	0.041464	1.194526	99.129997	70.939995	
0.000391	0.040475	1.192309	99.173996	70.970001	
0.000391	0.040371	1.193900	99.175995	70.869995	
0.000391	0.040618	1.189999	99.153999	71.000000	
0.000391	0.039695	1.195620	99.222000	70.919998	
0.000391	0.039606	1.196322	99.217995	70.919998	
0.000391	0.040289	1.194764	99.187996	70.979996	
0.000391	0.040368	1.194670	99.153999	70.949997	
0.000391	0.039084	1.190517	99.262001	70.979996	
0.000391	0.039106	1.192505	99.203995	70.750000	
0.000391	0.039587	1.190680	99.213997	70.900002	
0.000391	0.040168	1.196774	99.177994	70.779999	
0.000391	0.038992	1.196247	99.208000	70.889999	
0.000391	0.039126	1.194269	99.229996	71.000000	
0.000391	0.040179	1.196702	99.157997	70.849998	
0.000391	0.039477	1.196752	99.177994	70.979996	
0.000098	0.039208	1.193312	99.211998	71.049995	
0.000098	0.038865	1.195226	99.194000	70.989998	
0.000098	0.039965	1.195131	99.181999	70.889999	
0.000098	0.037792	1.192571	99.259995	70.889999	
0.000098	0.038886	1.192377	99.259995	70.979996	
0.000098	0.039658	1.193406	99.262001	70.869995	
0.000098	0.038167	1.193850	99.253998	70.889999	
0.000098	0.038351	1.195391	99.211998	70.959999	
0.000098	0.038756	1.193342	99.217995	70.979996	
0.000098	0.038400	1.193476	99.237999	70.979996	
0.000098	0.039851	1.196068	99.171997	70.879997	
0.000098	0.038501	1.193186	99.209999	71.009995	
0.000098	0.038004	1.195495	99.262001	70.830002	
0.000098	0.039043	1.194453	99.203995	70.900002	
0.000098	0.039341	1.194263	99.180000	70.820000	
0.000098	0.039200	1.194951	99.253998	70.989998	
0.000098	0.038766	1.192656	99.206001	70.949997	
0.000098	0.038523	1.195969	99.213997	71.049995	
0.000098	0.038505	1.195357	99.209999	70.949997	
0.000098	0.038560	1.194137	99.223999	71.000000	
0.000024	0.039457	1.191338	99.175995	70.909996	
0.000024	0.039278	1.196324	99.187996	70.889999	
0.000024	0.039537	1.192089	99.206001	70.959999	
0.000024	0.037769	1.191261	99.273994	70.970001	
0.000024	0.039196	1.193281	99.213997	70.989998	
0.000024	0.038623	1.193011	99.241997	71.040001	
0.000024	0.038378	1.193469	99.241997	70.959999	
0.000024	0.039044	1.191130	99.194000	70.939995	
0.000024	0.038989	1.190335	99.189995	70.869995	
0.000024	0.038479	1.194396	99.253998	70.919998	
0.000024	0.038856	1.192568	99.239998	70.970001	
0.000024	0.038439	1.192287	99.215996	70.989998	
0.000024	0.038903	1.197493	99.227997	70.809998	
0.000024	0.039554	1.194808	99.201996	70.900002	
0.000024	0.037224	1.193325	99.262001	70.820000	
0.000024	0.040173	1.194867	99.163994	70.949997	
0.000024	0.039326	1.189768	99.208000	70.860001	
0.000024	0.038894	1.192824	99.189995	70.869995	
0.000024	0.038521	1.197212	99.248001	70.930000	
0.000024	0.038355	1.193989	99.209999	70.949997	
0.000006	0.038244	1.192330	99.243996	71.080002	
0.000006	0.038356	1.189599	99.215996	71.009995	
0.000006	0.038882	1.194642	99.237999	70.830002	
0.000006	0.038902	1.193758	99.195999	71.009995	
0.000006	0.037792	1.194528	99.236000	70.959999	
0.000006	0.037978	1.190738	99.292000	70.889999	
0.000006	0.038711	1.191579	99.209999	71.000000	
0.000006	0.038292	1.195569	99.241997	71.009995	
0.000006	0.039356	1.195016	99.194000	71.019997	
0.000006	0.037711	1.195175	99.223999	71.049995	
0.000006	0.038737	1.192453	99.223999	70.979996	
0.000006	0.039225	1.194171	99.199997	71.059998	
0.000006	0.038334	1.192001	99.239998	71.019997	
0.000006	0.038857	1.197610	99.227997	71.070000	
0.000006	0.039384	1.190820	99.215996	70.919998	
0.000006	0.038459	1.193064	99.251999	70.790001	
0.000006	0.038468	1.192885	99.236000	70.949997	
0.000006	0.038361	1.190340	99.217995	70.979996	
0.000006	0.039306	1.193565	99.206001	71.070000	
0.000006	0.038480	1.192040	99.243996	71.169998	
0.000002	0.038784	1.193587	99.255997	71.040001	
0.000002	0.038956	1.191069	99.171997	70.959999	
0.000002	0.037986	1.192625	99.255997	70.909996	
0.000002	0.038332	1.194001	99.269997	70.970001	
0.000002	0.038732	1.193553	99.236000	70.949997	
0.000002	0.039514	1.193524	99.169998	71.009995	
0.000002	0.037962	1.194240	99.245995	70.799995	
0.000002	0.038275	1.191687	99.206001	70.979996	
0.000002	0.038090	1.194017	99.276001	70.979996	
0.000002	0.037467	1.191509	99.248001	70.900002	
0.000002	0.038425	1.189986	99.220001	71.029999	
0.000002	0.038236	1.193696	99.222000	71.059998	
0.000002	0.037929	1.193031	99.215996	71.049995	
0.000002	0.039177	1.193532	99.208000	70.930000	
0.000002	0.036463	1.193811	99.292000	70.930000	
0.000002	0.038316	1.194731	99.269997	70.979996	
0.000002	0.039328	1.191780	99.185997	70.879997	
0.000002	0.038219	1.194632	99.239998	71.099998	
0.000002	0.038943	1.193584	99.211998	71.110001	
0.000002	0.038614	1.194212	99.237999	71.099998	
0.000000	0.038056	1.195195	99.259995	70.879997	
0.000000	0.038215	1.194652	99.253998	70.959999	
0.000000	0.038055	1.189959	99.243996	71.059998	
0.000000	0.038416	1.193119	99.236000	70.989998	
0.000000	0.038022	1.191386	99.237999	71.070000	
0.000000	0.039060	1.193284	99.197998	71.059998	
0.000000	0.038953	1.193458	99.208000	70.949997	
0.000000	0.037565	1.189969	99.257996	71.000000	
0.000000	0.038485	1.195537	99.253998	70.879997	
0.000000	0.039206	1.196394	99.211998	70.970001	
